goals	lda_topics_goals	topic0_contrib_lda_topics_goals	topic1_contrib_lda_topics_goals	topic2_contrib_lda_topics_goals	topic3_contrib_lda_topics_goals	topic4_contrib_lda_topics_goals	topic5_contrib_lda_topics_goals	topic6_contrib_lda_topics_goals	topic7_contrib_lda_topics_goals	topic8_contrib_lda_topics_goals
to show off / brag	1	0.02649812	0.7372546	0.02240112	0.03869346	0.02420358	0.03468927	0.03833058	0.03565523	0.04227402
talk to friends	6	0.01952566	0.01707415	0.0165067	0.02851204	0.01783486	0.02556147	0.8175524	0.02627325	0.03115948
To show my friends / family what I’m doing during quarantine	6	0.01279382	0.01118758	0.0108157	0.01868197	0.01168598	0.01674867	0.5585922	0.01721505	0.342279
art	3	0.041212	0.03603768	0.03484	0.6155014	0.03764329	0.05395153	0.05961232	0.05545386	0.06574793
keep up with people s lives	6	0.02649719	0.02317037	0.02240032	0.0386921	0.0242027	0.03469055	0.7524124	0.03565397	0.04228041
interaction with friends	6	0.02649879	0.02317178	0.02240168	0.03869443	0.02420415	0.03469014	0.7523868	0.03565612	0.04229609
be entertained	4	0.0412119	0.0360376	0.03483992	0.06017902	0.5929665	0.0539514	0.05961218	0.05545372	0.06574778
to  Direct Message friends	1	0.01545872	0.48712096	0.01306857	0.02257334	0.01412008	0.02023734	0.02237146	0.02080087	0.38424873
Stay in touch with friends and family	8	0.01091244			0.01593472		0.01428572	0.0158056	0.42332613	0.49100032
Find some good quotes	1	0.01545929	0.6384563	0.01306906	0.02259264	0.0141206	0.02023809	0.02236154	0.22903934	0.02466311
post pictures	0	0.80881274	0.0170741	0.01650666	0.02851992	0.01783481	0.0255614	0.0282434	0.02627319	0.03117376
Send funny stuff to my friends	8	0.01279379	0.01118747	0.01081567	0.01868707	0.01168591	0.01675127	0.01850954	0.01721499	0.88235426
Catching up with friends	6	0.0195257	0.01707418	0.01650673	0.02851209	0.01783489	0.02556152	0.817552	0.0262733	0.03115953
talk to family members	6	0.01952793	0.01707613	0.01650862	0.02851535	0.01783693	0.2885654	0.55447024	0.0262763	0.03122307
Keep in touch with my friends	6	0.01545846	0.0135176	0.01306835	0.02257297	0.01411985	0.02023701	0.8555577	0.02080119	0.02466693
to help with boredom	3	0.0264986	0.02317148	0.0224014	0.3957058	0.38127327	0.03468971	0.03832948	0.03565568	0.04227456
To stay connected to friends 	8	0.01545854	0.01351767	0.01306842	0.02257308	0.01411992	0.02023711	0.02236708	0.02080796	0.85785013
Follow my friends	6	0.02649723	0.02317042	0.02240037	0.03870288	0.02420273	0.0346881	0.39532343	0.39268973	0.04232516
Check in on friends	1	0.01952564	0.8063008	0.0165067	0.02851201	0.01783484	0.02556145	0.028281	0.02627323	0.03120432
look at people s posts	3	0.02649741	0.02317036	0.02240031	0.75271136	0.02420268	0.03468802	0.03832762	0.03565394	0.04234827
keep myself updated with the rest of the world	6	0.01279449	0.0111881	0.01081627	0.01868844	0.01168656	0.01674954	0.8804488	0.01721595	0.0204118
art post	3	0.0264975	0.02317043	0.02240038	0.7527246	0.02420276	0.03468814	0.03832774	0.03565406	0.04233441
Seeing what friends are up to	8	0.01952562	0.01707411	0.01650666	0.02851196	0.01783482	0.02556658	0.02825327	0.02627319	0.82045376
To stay up to date with people	6	0.01952611	0.01707454	0.01650708	0.02851269	0.01783527	0.02556206	0.6178061	0.22600909	0.03116708
entertainment	4	0.04121177	0.03603748	0.0348398	0.06017882	0.5929678	0.05395122	0.05961198	0.05545354	0.06574756
Sweepstakes	4	0.04121294	0.0360385	0.03484079	0.06018052	0.59295624	0.05395276	0.05961367	0.05545512	0.06574942
See what is new	5	0.02649736	0.02317043	0.37943769	0.0386922	0.0242028	0.39168957	0.03833083	0.03565948	0.04231964
pass the time	0	0.808843	0.01707413	0.01650669	0.02851202	0.01783485	0.02556146	0.02824422	0.02627324	0.03115042
connect with friends	2	0.01952562	0.01707412	0.8057839	0.02851198	0.01783482	0.02556142	0.02826065	0.0262732	0.03117428
tattoo research	1	0.02650002	0.73723733	0.02240272	0.03869623	0.02420528	0.03469176	0.03833174	0.03565778	0.04227705
Staying connected with friends	2	0.01545848	0.01351762	0.6379434	0.022573	0.01411987	0.02023704	0.0223745	0.22908431	0.02469184
To talk to people	6	0.04121191	0.0360376	0.03483992	0.06017903	0.0376432	0.05395141	0.6149354	0.05545374	0.06574778
to stay motivated	8	0.02649916	0.02317209	0.02240198	0.03869496	0.02420449	0.03469062	0.03833451	0.03568376	0.7563185
Track the celebrities I follow	7	0.01952661	0.01707497	0.0165075	0.02851702	0.01783572	0.02557008	0.3420798	0.50173634	0.03115195
To lurk on people	6	0.04121643	0.03604156	0.03484374	0.06018563	0.03764733	0.05395732	0.61489314	0.05545982	0.065755
for entertainment	4	0.04121177	0.03603748	0.0348398	0.06017882	0.5929678	0.05395122	0.05961198	0.05545354	0.06574756
keep in touch	6	0.01952566	0.01707414	0.0165067	0.02851204	0.01783486	0.02556147	0.8175603	0.02627441	0.03115044
Get in touch with my friend s life	6	0.01279393	0.01118756	0.01081575	0.01868205	0.011686	0.0167493	0.6952653	0.20240325	0.02041692
To entertain myself	4	0.0412119	0.0360376	0.03483992	0.06017902	0.5929665	0.0539514	0.05961218	0.05545372	0.06574778
Inspiration	0	0.5965273	0.03603748	0.0348398	0.06017882	0.03764308	0.05395122	0.05961198	0.05546272	0.06574756
Let people know what I m doing	5	0.01952596	0.0170744	0.01650695	0.02851246	0.01783513	0.8148766	0.0282439	0.02627365	0.03115091
check other s life update	6	0.01952571	0.28018177	0.01650674	0.0285121	0.0178349	0.02557096	0.29132807	0.28937486	0.0311649
entertainment	4	0.04121177	0.03603748	0.0348398	0.06017882	0.5929678	0.05395122	0.05961198	0.05545354	0.06574756
Check updates throughout the day during breaks	1	0.01091324	0.74470025		0.01593589		0.01428867	0.01578578	0.16173905	0.01744297
To stay in contact with friends	6	0.01545888	0.01351797	0.01306871	0.02257359	0.01412024	0.02023756	0.45457947	0.4217659	0.0246777
Communicate	4	0.04121201	0.03603771	0.03484001	0.06017918	0.59295285	0.05395154	0.05962489	0.05545387	0.06574794
For entertainment	4	0.04121177	0.03603748	0.0348398	0.06017882	0.5929678	0.05395122	0.05961198	0.05545354	0.06574756
Look at art	3	0.01952586	0.01707432	0.01650687	0.8178245	0.01783504	0.02556173	0.02824376	0.02627352	0.03115444
Keep up with friends	6	0.01952564	0.01707412	0.01650668	0.028512	0.01783484	0.02556144	0.8175526	0.02627322	0.03115941
stay in touch	7	0.01952573	0.01707421	0.01650676	0.02851214	0.01783492	0.02556156	0.02826008	0.81557053	0.031154
To keep in touch with everyone	6	0.2236939	0.01351844	0.01306916	0.02257438	0.01412073	0.02023827	0.6473191	0.02080274	0.02466333
work out	3	0.04121232	0.03603796	0.03484027	0.6154984	0.03764364	0.05395194	0.05961278	0.05545428	0.06574843
entertainment	4	0.04121177	0.03603748	0.0348398	0.06017882	0.5929678	0.05395122	0.05961198	0.05545354	0.06574756
Checking my feed	3	0.02649737	0.3802218	0.02240048	0.39573428	0.02420286	0.03468828	0.0383279	0.03565421	0.04227281
Sending friends funny videos or pictures	5	0.16175629			0.01594078		0.42403743	0.01579244	0.01468352	0.33905444
see people s story / post	8	0.01952567	0.0170741	0.01650668	0.02851535	0.01783482	0.02556766	0.0282434	0.02627319	0.82045907
sending memes	8	0.01952584	0.01707432	0.01650685	0.0285123	0.01783502	0.0255617	0.02824373	0.28937152	0.55736876
answer messages	1	0.02649823	0.38024148	0.37941483	0.03869362	0.02420364	0.03468941	0.03832915	0.03565537	0.04227419
connect with friends	2	0.01952562	0.01707412	0.80578464	0.02851198	0.01783482	0.02556142	0.02825991	0.0262732	0.03117428
get updates on other people around me	7	0.01545877	0.01351786	0.0130686	0.0225734	0.01412012	0.02023789	0.0223654	0.8539956	0.02466227
To relax	5	0.04121241	0.03603804	0.03484035	0.06017976	0.03764367	0.60926986	0.05961292	0.05545441	0.06574858
Check messages from friends	1	0.01545852	0.48713496	0.01306841	0.02257306	0.01411991	0.02023709	0.02237118	0.02080061	0.38423628
share my life	6	0.01952568	0.01707416	0.01650672	0.02851592	0.01783487	0.02556264	0.81754714	0.02627328	0.03115964
Catch up with instagram posts	8	0.01952595	0.01707426	0.01650682	0.02851767	0.01783498	0.02556277	0.2913446	0.02627344	0.55735946
To look for content to keep me interested when I m bored	3	0.01279412	0.01118777	0.18321428	0.32767957	0.01168622	0.01674905	0.19090694	0.01721545	0.22856665
chat with my friends	6	0.01952568	0.01707417	0.01650672	0.02851206	0.01783487	0.02556149	0.81755227	0.02627328	0.03115951
looking up recipes	3	0.0264974	0.02317056	0.0224005	0.39572695	0.02420289	0.03469466	0.39536273	0.03565426	0.04229006
Entertainment	4	0.04121177	0.03603748	0.0348398	0.06017882	0.5929678	0.05395122	0.05961198	0.05545354	0.06574756
Family	8	0.04121186	0.03603756	0.03483988	0.06017896	0.03764316	0.05395134	0.05963598	0.05545366	0.6210476
To connect with loved ones	2	0.01952586	0.01707431	0.80582273	0.02851232	0.01783503	0.02556172	0.02824375	0.02627351	0.03115074
Take dance classes	0	0.80883735	0.01707452	0.01650706	0.02851266	0.01783526	0.02556408	0.02824409	0.02627383	0.03115112
see friends posts	8	0.01545844	0.01351755	0.01306831	0.02257484	0.0141198	0.02023932	0.02236583	0.02080045	0.8578555
keep up with people	6	0.04121174	0.03603746	0.03483978	0.06017878	0.03764306	0.0539512	0.61493695	0.05545351	0.06574752
Go on explorer page	4	0.01545853	0.01351766	0.01306841	0.02257477	0.84732056	0.0202371	0.02236045	0.02080062	0.0246619
to relieve boredom	8	0.02650872	0.02318045	0.02241007	0.03870893	0.38151917	0.03470314	0.03834432	0.03566948	0.39895573
let people know what I am up to	5	0.01952596	0.0170744	0.01650695	0.02851246	0.01783513	0.8148766	0.0282439	0.02627365	0.03115091
to keep in touch with friends	6	0.01545846	0.0135176	0.01306835	0.02257297	0.01411985	0.02023701	0.8555576	0.02080119	0.02466695
read messages	1	0.02649734	0.38022077	0.37944373	0.03869231	0.02420283	0.03468824	0.03832786	0.03565416	0.04227276
Stories	2	0.04121176	0.03603747	0.5901052	0.0601788	0.03764306	0.05395885	0.05961196	0.05545352	0.06579938
to help me fall asleep before bed	3	0.01546158	0.01352031	0.01307098	0.855747	0.01412269	0.02024108	0.02236484	0.02080471	0.02466676
As a passtime 	5	0.0412156	0.03604083	0.03484304	0.06018442	0.03764657	0.60923964	0.05961752	0.0554587	0.06575367
communicate with boyfriend	8	0.02649935	0.02317227	0.02240215	0.03869525	0.3812826	0.03469088	0.03833886	0.03565688	0.39926177
see what people are up to	5	0.04121173	0.03603744	0.03483977	0.06017876	0.03764304	0.60920846	0.05961192	0.05545349	0.06581536
checking friends post	1	0.01545853	0.4869703	0.01306834	0.0225781	0.01411984	0.02023699	0.02237102	0.0208005	0.38439637
Be active	6	0.04122589	0.03604983	0.03485174	0.06019945	0.03765598	0.05396972	0.61480474	0.05547255	0.0657701
relationships	5	0.0412142	0.0360396	0.03484186	0.06018237	0.0376453	0.60925287	0.0596155	0.05545682	0.06575144
workouts	7	0.04121198	0.03603766	0.03484001	0.06017912	0.03764326	0.05395149	0.05961228	0.61077636	0.06574788
To connect with people	2	0.04121177	0.03603748	0.5901645	0.06017882	0.03764308	0.05395123	0.05961199	0.05545355	0.06574756
to stay connected	8	0.01952584	0.0170743	0.01650685	0.0285123	0.01783502	0.0255617	0.02824558	0.02628596	0.82045245
bored	3	0.04121227	0.03603785	0.03484016	0.6154763	0.03764346	0.05395178	0.0596126	0.05545412	0.06577147
Learn from others	4	0.0412118	0.03603751	0.03483985	0.06017888	0.59296745	0.05395128	0.05961204	0.0554536	0.06574762
Catch up with friends	6	0.0195257	0.01707418	0.01650673	0.02851209	0.01783489	0.02556152	0.817552	0.0262733	0.03115956
Entertainment	4	0.04121177	0.03603748	0.0348398	0.06017882	0.5929678	0.05395122	0.05961198	0.05545354	0.06574756
View body positive posts	3	0.01545923	0.0135181	0.01306887	0.647466	0.22239548	0.02023853	0.02236118	0.0208013	0.0246913
connect with friends	2	0.01952562	0.01707412	0.805784	0.02851198	0.01783482	0.02556142	0.02826057	0.0262732	0.03117428
Watch stories	5	0.01952566	0.01707414	0.01650672	0.02851203	0.01783485	0.81486446	0.02824346	0.02627324	0.03116537
Connect with friends	2	0.01952562	0.01707412	0.8057824	0.02851198	0.01783482	0.02556142	0.02826211	0.0262732	0.03117429
Direct message other people	1	0.01952562	0.80639255	0.01650666	0.02851197	0.01783482	0.02556141	0.02824341	0.02627319	0.03115037
stay updated with trends	7	0.2237444	0.01351768	0.01306843	0.02257311	0.01411994	0.02023781	0.02237167	0.64570224	0.02466468
To distract myself as a mental break 	4	0.01952645	0.01707484	0.27961186	0.02851319	0.5440405	0.0255625	0.02824462	0.02627432	0.0311517
talk to friends on video call	6	0.01279394	0.01118762	0.01081581	0.01868215	0.01168606	0.18914697	0.7080571	0.01721522	0.0204152
Respond to  Direct Message’s	1	0.01545846	0.8467207	0.01306835	0.02257297	0.01411985	0.02023701	0.02236035	0.02080053	0.0246618
Watching friends’ life	6	0.01952563	0.01707412	0.01650668	0.02851198	0.01783483	0.35428205	0.4888189	0.02627321	0.03117256
keep up to date with friends	6	0.01545856	0.01351768	0.01306843	0.02257311	0.01411994	0.02023713	0.8555574	0.02080065	0.0246671
To inform other of what I was doing	5	0.04121233	0.03603798	0.03484028	0.06017964	0.03764359	0.6092706	0.0596128	0.0554543	0.06574846
friends	6	0.04121171	0.03603745	0.03483978	0.06017874	0.03764303	0.05395115	0.61484534	0.05545347	0.0658393
share my thoughts	6	0.02649808	0.02317116	0.02240109	0.03870189	0.02420351	0.03468922	0.752394	0.03565517	0.04228593
Follow the recent trends	7	0.28262618	0.01707455	0.27959645	0.02852062	0.01783528	0.02556208	0.0282542	0.28937942	0.03115118
keep in touch	6	0.01952567	0.01707415	0.0165067	0.02851204	0.01783486	0.02556147	0.81756026	0.02627441	0.03115044
to see a body goal	3	0.01952616	0.01707458	0.01650712	0.55470973	0.01783531	0.28864542	0.02824418	0.02627392	0.03118363
to pass time	0	0.808843	0.01707413	0.01650669	0.02851202	0.01783485	0.02556146	0.02824421	0.02627324	0.03115042
Message people that I do not feel comfortable with having number	8	0.01546057	0.2218654	0.01307013	0.02257606	0.01412178	0.02023977	0.0223634	0.02080337	0.6494996
show my interests	3	0.02649752	0.38021693	0.0224006	0.39573392	0.02420304	0.03468848	0.038332	0.03565442	0.04227306
to talk with friends 	6	0.01952566	0.01707414	0.0165067	0.02851203	0.01783486	0.02556147	0.8175525	0.02627325	0.0311594
check  Direct Messages	1	0.01545843	0.84672093	0.01306832	0.02257292	0.01411982	0.02023697	0.0223603	0.02080049	0.02466174
check updates	1	0.0195258	0.543284	0.01650681	0.02851223	0.01783498	0.02556634	0.02824367	0.28937554	0.03115066
to catch up with friends during quarantine	6	0.01545856	0.01351769	0.01306844	0.02257312	0.01411994	0.02023714	0.8555574	0.02080066	0.02466709
finding new fashion ideas	1	0.01091256	0.5116698	0.3893352	0.01593943		0.01428584	0.01578587	0.0146943	0.01740941
To update myself on popular culture	5	0.0195276	0.28010976	0.01650833	0.02851486	0.01783662	0.5518136	0.02824627	0.02628946	0.03115352
Entertainment	4	0.04121177	0.03603748	0.0348398	0.06017882	0.59296775	0.05395122	0.05961198	0.05545354	0.06574756
Entertainment	4	0.04121177	0.03603748	0.0348398	0.06017882	0.5929678	0.05395122	0.05961198	0.05545354	0.06574756
Inspiration	0	0.59652734	0.03603748	0.03483981	0.06017882	0.03764308	0.05395123	0.05961199	0.0554627	0.06574756
To connect with friends 	2	0.01952562	0.01707412	0.805784	0.02851198	0.01783482	0.02556142	0.02826056	0.0262732	0.03117428
To be updated on others  life	5	0.01952574	0.01707421	0.01650677	0.02851215	0.01783493	0.81485206	0.02825527	0.02628118	0.0311576
Recipes for healthy desserts	6	0.01952779	0.017076	0.01650851	0.02851514	0.01783688	0.02556542	0.81754035	0.02627611	0.03115383
Share about my family	8	0.02649733	0.02317052	0.02240047	0.03871448	0.02420282	0.03468824	0.03836852	0.03565416	0.7563034
share with friends my accomplisments	6	0.0195276	0.01707584	0.01650835	0.02851874	0.01783663	0.025564	0.81752354	0.02627586	0.03116946
To find out about trendy shoes and clothes 	3	0.01546027	0.01351918	0.01306988	0.43923604	0.0141215	0.43676257	0.02236297	0.02080296	0.02466468
	8	0.09267835	0.08104224	0.07834887	0.13533206	0.08465296	0.12132724	0.13405734	0.12470571	0.14785522
To brag / show off	1	0.02649812	0.7372546	0.02240112	0.03869346	0.02420357	0.03468927	0.03833054	0.03565523	0.04227402
check on friends	1	0.01952565	0.8063019	0.0165067	0.02851201	0.01783484	0.02556145	0.0282799	0.02627323	0.03120431
Share accurate covid-19 information	2	0.22374155	0.0135188	0.6379566	0.02257988	0.0141211	0.0202388	0.02236997	0.02080237	0.02467097
laugh at memes	8	0.38351735	0.02317078	0.02240072	0.03869278	0.02420312	0.03468866	0.0383459	0.0356546	0.39932603
look at peoples post	3	0.02649741	0.02317036	0.02240031	0.7527086	0.02420268	0.03468803	0.03832762	0.03565395	0.04235104
get fit	7	0.026499	0.02317184	0.02240174	0.03869455	0.02420423	0.39168796	0.03833008	0.3927354	0.04227522
keep up to date about friends	6	0.01545856	0.01351768	0.01306843	0.02257311	0.01411994	0.02023713	0.8555574	0.02080065	0.0246671
To view posts 	8	0.02649769	0.02317047	0.33434474	0.03871453	0.0242028	0.03468921	0.03832781	0.03565412	0.4443986
Keep tabs on what my friends and family are doing	6	0.01279488	0.01118844	0.0108166	0.01868352	0.01168692	0.01675006	0.5586973	0.01721648	0.34216583
To entertain me	4	0.0412119	0.0360376	0.03483992	0.06017902	0.5929665	0.0539514	0.05961218	0.05545372	0.06574777
scroll through my feed to see what interests me	3	0.01545858	0.0135177	0.01306845	0.647472	0.01411998	0.22851482	0.02236052	0.02080068	0.02468726
Talk to my friends 	6	0.01952566	0.01707415	0.0165067	0.02851204	0.01783486	0.02556147	0.8175525	0.02627325	0.03115944
Messaged cousins who are across the country or in a different country	7	0.0109139	0.15661792		0.01593684		0.01428762	0.01578927	0.6028385	0.16442071
Watch videos on the explorer page	4	0.01091263	0.15656504		0.01593499	0.45110095	0.30838278	0.0157849	0.01468376	0.01740956
To follow a friend	6	0.02649723	0.02317042	0.02240037	0.03870287	0.02420273	0.0346881	0.39532277	0.39268973	0.04232578
I look for health tips 	3	0.01952676	0.0170751	0.01650763	0.2916284	0.01783586	0.02556291	0.29131973	0.28937855	0.03116504
Follow my friends	6	0.02649723	0.02317042	0.02240037	0.03870287	0.02420273	0.0346881	0.3953176	0.39268973	0.04233096
Check up on friends	1	0.01952564	0.8063019	0.0165067	0.02851201	0.01783484	0.02556145	0.02827996	0.02627323	0.03120431
look at stories	3	0.02649722	0.02317039	0.3794084	0.39572248	0.02420272	0.034693	0.03832768	0.035654	0.0423241
look at new trends 	0	0.6403488	0.0135177	0.01306848	0.23086657	0.01412	0.02023717	0.0223647	0.02080464	0.02467202
art idea	3	0.02649745	0.02317061	0.02240054	0.39573497	0.02420293	0.03468839	0.03832802	0.39270416	0.04227294
Checking up on what my friends are doing	1	0.01952565	0.8063009	0.0165067	0.02851201	0.01783484	0.02556145	0.02828093	0.02627323	0.03120432
exercise movements	7	0.02649784	0.02317094	0.02240088	0.03869305	0.3812545	0.0346889	0.03832859	0.39269176	0.04227357
memes	6	0.04121227	0.03603792	0.03484023	0.06017956	0.03764354	0.05395188	0.614932	0.05545422	0.06574836
makeup looks	3	0.01952599	0.01707443	0.01650698	0.8178232	0.01783516	0.0255619	0.02824395	0.0262737	0.0311547
See what people are up to	5	0.04121172	0.03603744	0.03483977	0.06017876	0.03764304	0.60920763	0.05961192	0.05545348	0.0658162
Make friends 	6	0.02649722	0.0231704	0.02240036	0.03869214	0.02420274	0.03468809	0.7524017	0.03565401	0.04229332
Connect with friends	2	0.01952562	0.01707412	0.8057831	0.02851198	0.01783482	0.02556142	0.02826149	0.0262732	0.03117428
Tattoo inspiration 	0	0.38356453	0.38017884	0.02240146	0.03869406	0.02420392	0.03468981	0.03832959	0.03566314	0.04227468
To see my friends	8	0.01952562	0.01707411	0.01650666	0.02851196	0.01783482	0.02556698	0.02825346	0.02627319	0.8204532
Check stories of friends 	2	0.0154587	0.27628943	0.32612562	0.02257332	0.01412007	0.27754572	0.02238269	0.02080084	0.0247036
 Communicate	4	0.04121201	0.03603771	0.03484001	0.06017918	0.59295285	0.05395154	0.05962494	0.05545387	0.06574794
See celebrities I follow	5	0.01545848	0.01351761	0.01306837	0.02257832	0.01411987	0.6199401	0.02236117	0.25428772	0.02466837
	8	0.09267835	0.08104224	0.07834887	0.13533206	0.08465296	0.12132724	0.13405734	0.12470571	0.14785522
be exposed to things I am passionate about	0	0.54564863	0.01707662	0.01650909	0.02851617	0.28100473	0.02556518	0.02824757	0.02627706	0.03115496
connect with others	2	0.04121177	0.03603748	0.5901645	0.06017882	0.03764308	0.05395123	0.05961199	0.05545355	0.06574756
post pictures	0	0.80881286	0.0170741	0.01650666	0.02851982	0.01783481	0.0255614	0.0282434	0.02627318	0.03117371
inspiration	0	0.596527	0.03603748	0.0348398	0.06017882	0.03764308	0.05395122	0.05961198	0.05546306	0.06574756
Inspiration	0	0.59652585	0.03603748	0.0348398	0.06017882	0.03764308	0.05395122	0.05961198	0.05546417	0.06574756
talk to friends	6	0.01952566	0.01707415	0.0165067	0.02851204	0.01783486	0.02556147	0.8175523	0.02627325	0.03115952
read post	8	0.02649764	0.0231705	0.3794444	0.03871055	0.02420283	0.03468824	0.03832786	0.03565416	0.39930388
entertainment	4	0.04121177	0.03603748	0.0348398	0.06017882	0.59296775	0.05395122	0.05961198	0.05545354	0.06574756
Check  Direct Messages from friends	1	0.01091383	0.4871238		0.01593675		0.01428754	0.01579113	0.01468539	0.42206636
To keep in touch with people	6	0.01952566	0.01707414	0.0165067	0.02851204	0.01783486	0.02556147	0.8175603	0.02627441	0.03115044
fashion trends	6	0.01952625	0.01707438	0.01650688	0.02851234	0.01783505	0.02556174	0.81755906	0.02627353	0.03115077
Follow beauty influencers 	8	0.0195269	0.01707523	0.01650775	0.0285218	0.01783599	0.0255631	0.29132208	0.28939578	0.29425132
Communicate with friends 	6	0.01952594	0.0170744	0.01650694	0.02851244	0.01783525	0.02556184	0.8175497	0.02627363	0.03115984
Keep up with friends	6	0.01952564	0.01707412	0.01650668	0.028512	0.01783484	0.02556144	0.8175526	0.02627322	0.03115942
weight loss inspiration	2	0.28263935	0.01707473	0.54269123	0.02851301	0.01783547	0.02556234	0.02824444	0.02627886	0.03116051
I just check it whenI am bored to see what my friends are up to 	8	0.01091326	0.16222169		0.01595026		0.01428807	0.01578876	0.01468459	0.7469592
	8	0.09267835	0.08104224	0.07834887	0.13533206	0.08465296	0.12132724	0.13405734	0.12470571	0.14785522
like pictures	3	0.0195262	0.01707415	0.0165067	0.81782943	0.01783486	0.02556148	0.02824348	0.02627326	0.03115045
check if anyone messaged me	1	0.01952789	0.54339796	0.01650858	0.29148737	0.01783689	0.02556438	0.0282467	0.02627625	0.03115399
self entertainment 	4	0.02649772	0.02317083	0.3794328	0.03869286	0.38126063	0.03468874	0.0383284	0.03565468	0.04227336
keeping up with friends	6	0.01952564	0.01707412	0.01650668	0.028512	0.01783484	0.02556144	0.8175526	0.02627322	0.03115941
Send memes	8	0.01952584	0.01707431	0.01650685	0.02851229	0.01783502	0.0255617	0.02824373	0.28937155	0.5573687
See what people have been up to 	5	0.04121173	0.03603745	0.03483977	0.06017876	0.03764304	0.60919416	0.05961193	0.0554535	0.06582968
Gain motivation	8	0.3835504	0.02317099	0.02240092	0.03869313	0.02420334	0.03468897	0.03832866	0.03565492	0.39930868
	8	0.09267835	0.08104224	0.07834887	0.13533206	0.08465296	0.12132724	0.13405734	0.12470571	0.14785522
browse through animal videos	8	0.01545945	0.01351846	0.01306919	0.02257442	0.01412076	0.2465866	0.02236178	0.22908857	0.4232207
To relax	5	0.04121241	0.03603804	0.03484035	0.06017976	0.03764367	0.60926986	0.05961292	0.05545441	0.06574858
To look for an artist s work	3	0.01952575	0.01707422	0.01650678	0.8178259	0.01783495	0.02556159	0.0282436	0.02627337	0.03115378
share my good selfies haha	1	0.01545933	0.8466856	0.0130691	0.02258089	0.01412065	0.02023815	0.02237197	0.0208017	0.02467264
Promote stand-up comedy shows	4	0.01545878	0.01351791	0.01306862	0.02257343	0.84731823	0.02023742	0.02236232	0.02080095	0.0246623
communicating with my friends	6	0.01952594	0.0170744	0.01650694	0.02851244	0.01783522	0.02556184	0.81754977	0.02627363	0.03115983
looking at celebrities posts	3	0.01952587	0.01707417	0.01650673	0.5546762	0.01783489	0.2886542	0.02824785	0.02627857	0.03120156
Entertainment	4	0.04121177	0.03603748	0.0348398	0.06017882	0.5929678	0.05395122	0.05961198	0.05545354	0.06574756
family 	8	0.04121186	0.03603756	0.03483988	0.06017895	0.03764316	0.05395134	0.05962999	0.05545366	0.6210536
Connecting with loved ones	2	0.01952586	0.01707431	0.80582273	0.02851232	0.01783503	0.02556172	0.02824375	0.02627351	0.03115074
Take dance classes	0	0.8088372	0.01707452	0.01650706	0.02851266	0.01783526	0.02556423	0.0282441	0.02627383	0.03115112
See friends post	8	0.01545844	0.01351755	0.01306831	0.02257484	0.0141198	0.02023931	0.02236584	0.02080046	0.8578555
keep up with friends	6	0.01952564	0.01707413	0.01650668	0.028512	0.01783484	0.02556144	0.81755275	0.02627322	0.0311594
like posts	3	0.01952576	0.01707414	0.01650669	0.81780183	0.01783485	0.02556146	0.02824346	0.02627324	0.03117857
For entertainment 	4	0.04121177	0.03603748	0.0348398	0.06017882	0.59296775	0.05395122	0.05961198	0.05545354	0.06574756
share experiences	3	0.02649766	0.0231708	0.02240074	0.7527388	0.02420312	0.03468866	0.03835206	0.0356546	0.0422936
Stories	2	0.04121176	0.03603747	0.5901022	0.0601788	0.03764306	0.05395922	0.05961196	0.05545352	0.06580197
check stories	5	0.01952582	0.28018412	0.01650686	0.02851226	0.017835	0.5517439	0.0282437	0.02627346	0.03117482
way to kill time 	6	0.01545908	0.01351777	0.01306852	0.02257326	0.01412003	0.02023727	0.8555612	0.02080079	0.02466211
Post on my story	8	0.01952571	0.01707413	0.01650671	0.0285154	0.01783485	0.02556361	0.02824346	0.02627324	0.82046294
distraction 	8	0.0412125	0.03603812	0.03484042	0.06017989	0.03764374	0.05395218	0.05961304	0.05545452	0.6210656
Stay updated 	7	0.01952569	0.01707417	0.01650672	0.02851208	0.01783488	0.02556236	0.02824396	0.81558627	0.03115394
chatting 	6	0.04121198	0.0360377	0.03483999	0.06017914	0.03764328	0.05395151	0.6149347	0.05545384	0.06574791
Be perfect	4	0.04121936	0.03604412	0.03484622	0.06018991	0.5928928	0.05396116	0.05962296	0.05546376	0.06575968
Inspiration	0	0.59652525	0.03603748	0.03483981	0.06017884	0.03764308	0.05395124	0.059612	0.05546475	0.06574758
I want to travel	3	0.02649824	0.02317128	0.0224012	0.39572012	0.02420365	0.3917189	0.03832916	0.03565537	0.04230206
To connect with friends	2	0.01952562	0.01707412	0.80578333	0.02851198	0.01783482	0.02556142	0.02826122	0.0262732	0.03117428
stay in touch	7	0.01952573	0.0170742	0.01650676	0.02851214	0.01783492	0.02556156	0.02825961	0.81557107	0.031154
outfit inspo	7	0.02649829	0.02317133	0.02240125	0.0386937	0.0242037	0.3917152	0.03832923	0.392713	0.04227428
Stay healthy 	7	0.02649758	0.02317071	0.02240068	0.03869266	0.38123104	0.03468855	0.03834275	0.39268416	0.0422919
	8	0.09267835	0.08104224	0.07834887	0.13533206	0.08465296	0.12132724	0.13405734	0.12470571	0.14785522
Fun	0	0.5965351	0.0360376	0.03483993	0.06017903	0.03764321	0.05395141	0.05961219	0.05545374	0.06574779
To catch up with friends 	6	0.0195257	0.01707418	0.01650673	0.02851209	0.01783489	0.02556152	0.817552	0.0262733	0.03115951
connect with friends	2	0.01952562	0.01707412	0.8057837	0.02851198	0.01783482	0.02556142	0.02826084	0.0262732	0.03117428
Stories	2	0.04121176	0.03603747	0.5901056	0.0601788	0.03764306	0.05395886	0.05961196	0.05545352	0.065799
	8	0.09267835	0.08104224	0.07834887	0.13533206	0.08465296	0.12132724	0.13405734	0.12470571	0.14785522
Looking at posts	3	0.02649742	0.02317036	0.02240032	0.75271773	0.02420268	0.03468803	0.03832763	0.03565395	0.04234186
see what people are up to	5	0.04121173	0.03603744	0.03483977	0.06017876	0.03764304	0.609208	0.05961192	0.05545349	0.06581586
For entertainment 	4	0.04121177	0.03603748	0.0348398	0.06017882	0.5929678	0.05395122	0.05961198	0.05545354	0.06574756
Message friends	8	0.01952575	0.3110767	0.01650678	0.02851216	0.01783494	0.02556158	0.02825836	0.02627336	0.5264504
	8	0.09267835	0.08104224	0.07834887	0.13533206	0.08465296	0.12132724	0.13405734	0.12470571	0.14785522
Bored	3	0.04121226	0.03603785	0.03484016	0.6154757	0.03764346	0.05395178	0.0596126	0.05545412	0.06577204
	8	0.09267835	0.08104224	0.07834887	0.13533206	0.08465296	0.12132724	0.13405734	0.12470571	0.14785522
keeping up with trends 	6	0.02649818	0.02317046	0.02240041	0.03869224	0.02420278	0.03468818	0.752421	0.0356541	0.04227268
friends	6	0.04121171	0.03603745	0.03483978	0.06017874	0.03764303	0.05395115	0.6148609	0.05545347	0.06582376
Interact with friends	8	0.019526	0.01707444	0.01650699	0.02851253	0.01783517	0.02556192	0.02825366	0.02627371	0.8204556
Follow influencers on fashion related stuffs	8	0.01279451	0.18358643	0.18319766	0.01869898	0.01168648	0.01674943	0.01851109	0.18961547	0.36515993
music	4	0.04121191	0.0360376	0.03483992	0.06017903	0.5929664	0.05395141	0.05961219	0.05545374	0.06574778
how to keep moving	6	0.02649854	0.02317155	0.02240146	0.03869407	0.02420393	0.03468982	0.7524102	0.03565578	0.04227468
Look at friend s / celebs s posts /  stories for updates	5	0.01091342			0.01595832		0.54478204	0.01579308	0.01468832	0.36912712
share my personality	2	0.0264977	0.02317083	0.73643565	0.03870653	0.02420316	0.03468872	0.03834993	0.03565465	0.04229282
to find inspiration	3	0.38353905	0.02317048	0.02240044	0.39573836	0.02420279	0.03468819	0.0383278	0.03566021	0.0422727
post photos	3	0.0195259	0.01707426	0.01650681	0.81780046	0.01783498	0.02556164	0.02824366	0.02627343	0.03117884
Connect with friend	2	0.01952562	0.01707412	0.8057824	0.02851198	0.01783482	0.02556142	0.02826215	0.0262732	0.03117428
keep in touch with friends	6	0.01545846	0.0135176	0.01306835	0.02257297	0.01411985	0.02023701	0.8555576	0.02080119	0.02466696
To look up recipes	3	0.0264974	0.02317056	0.0224005	0.395727	0.02420289	0.0346949	0.3953624	0.03565426	0.04229006
Keep updated on friends lives and celebrity lives	5				0.01389195		0.46618977	0.45736557	0.01280471	0.01518314
Looking at clothing styles	3	0.01952593	0.01707442	0.01650693	0.81782424	0.0178351	0.02556182	0.02824386	0.02627362	0.03115406
Entertainment 	4	0.04121177	0.03603748	0.0348398	0.06017882	0.5929678	0.05395122	0.05961198	0.05545354	0.06574756
Outfit ideas	7	0.01952578	0.01707425	0.0165068	0.0285122	0.01783496	0.02556162	0.02824364	0.8155901	0.03115062
Connect with my friends	2	0.01952562	0.01707412	0.8057848	0.02851198	0.01783482	0.02556142	0.02825972	0.0262732	0.03117433
to like & comment on others  posts	0	0.5909436	0.01351765	0.0130684	0.2802744	0.01411991	0.02023709	0.02236106	0.0208006	0.02467739
Health	7	0.04121236	0.036038	0.0348403	0.06017968	0.03764362	0.053952	0.05961284	0.6107727	0.0657485
Friends pics	6	0.02649758	0.02317073	0.02240067	0.03869267	0.38123903	0.03468856	0.39533356	0.0356545	0.04232263
share with others how I feel about current problems occuring	8	0.01279577	0.01118915	0.01081729	0.01869136	0.01168766	0.01675111	0.01852695	0.3620231	0.5375176
To see what my friends are doing 	8	0.01952562	0.01707411	0.01650666	0.02851197	0.01783482	0.02556592	0.02825315	0.02627319	0.82045454
To show off myself	1	0.04121185	0.5913554	0.03483987	0.06017894	0.03764321	0.05395132	0.05961812	0.05545365	0.06574768
talk to friends	6	0.01952566	0.01707415	0.0165067	0.02851204	0.01783486	0.02556147	0.81755215	0.02627325	0.0311597
To spread awareness about Black Lives Matter 	6	0.02649744	0.0231706	0.02240054	0.03869247	0.02420293	0.03469469	0.39535168	0.39269724	0.04229242
memes	6	0.04121228	0.03603792	0.03484023	0.06017956	0.03764354	0.05395189	0.61493194	0.05545423	0.06574837
look at posts	3	0.02649741	0.02317036	0.02240031	0.7527094	0.02420268	0.03468803	0.03832762	0.03565395	0.04235029
lose weight	8	0.02649991	0.02317275	0.02240266	0.03869607	0.02420518	0.03469161	0.03833158	0.03565763	0.75634265
Entertainment 	4	0.04121177	0.03603748	0.0348398	0.06017882	0.5929678	0.05395122	0.05961198	0.05545354	0.06574756
view other posts and educated myself 	8	0.01952627	0.01707442	0.01650708	0.02852783	0.01783515	0.02556365	0.02824393	0.02627403	0.8204476
To keep up to date on current events / protests in our country	6				0.01231383		0.01103954	0.921205	0.01134832	0.01345509
see what my friends have been doing	8	0.01952562	0.01707411	0.01650666	0.02851196	0.01783482	0.02556617	0.02825319	0.02627319	0.82045424
post on my stories about the recent events 	8	0.01279381	0.01118748	0.26220003	0.01868376	0.01168592	0.01674925	0.01851278	0.01721599	0.630971
View people stories 	2	0.01952568	0.01707414	0.8058153	0.02851316	0.01783486	0.0255625	0.02824347	0.02627325	0.03115765
to see posts regarding Black Lives Matter Movement (Black Lives Matter)	8	0.15280487			0.01389377	0.26509342	0.01245816	0.01377059	0.01280182	0.5128149
Post on my story about Black Lives Matter	8	0.01545849	0.0135176	0.01306836	0.02257491	0.01411985	0.02024088	0.02237497	0.02080052	0.8578443
To talk to friends	6	0.01952566	0.01707414	0.0165067	0.02851203	0.01783486	0.02556147	0.8175525	0.02627325	0.03115943
Keep track of Black Lives Matter	6	0.0195259	0.01707435	0.0165069	0.02851238	0.01783508	0.02556293	0.8175544	0.02627358	0.03115443
Follow news	7	0.02649719	0.02317037	0.02240032	0.03869641	0.0242027	0.03468805	0.03832765	0.7497448	0.04227253
	8	0.09267835	0.08104224	0.07834887	0.13533206	0.08465296	0.12132724	0.13405734	0.12470571	0.14785522
look at stories 	3	0.02649722	0.02317039	0.37940875	0.3957227	0.02420272	0.034693	0.03832768	0.035654	0.04232353
look what other s have posted 	3	0.02649742	0.02317036	0.02240032	0.75269866	0.02420268	0.03468803	0.03832763	0.03565395	0.04236098
pretty	5	0.04121252	0.03603814	0.03484044	0.06017992	0.03764376	0.6092688	0.05961307	0.05545456	0.06574876
look for resources for the Black Lives Matter movement	4	0.18512172	0.01118792	0.0108161	0.19107945	0.52890325	0.01674928	0.01850668	0.01721568	0.02041988
Learn news	7	0.0264973	0.02317047	0.02240043	0.03869226	0.38124943	0.0346882	0.03832781	0.39270145	0.0422727
information	2	0.04121196	0.03603764	0.59016263	0.0601791	0.03764325	0.05395147	0.05961226	0.0554538	0.06574786
Sweepstakes 	4	0.04121294	0.0360385	0.03484079	0.06018052	0.5929563	0.05395275	0.05961366	0.05545511	0.06574942
see what others are up to	5	0.04121173	0.03603744	0.03483977	0.06017876	0.03764304	0.60920894	0.05961192	0.05545349	0.06581489
	8	0.09267835	0.08104224	0.07834887	0.13533206	0.08465296	0.12132724	0.13405734	0.12470571	0.14785522
Make Friends 	6	0.02649722	0.02317041	0.02240036	0.03869215	0.02420274	0.0346881	0.7524014	0.03565402	0.0422935
Text friends	3	0.02650012	0.02317294	0.02240281	0.3956578	0.02420537	0.03469188	0.39538103	0.03565791	0.04233018
Tattoos	6	0.04122582	0.03604977	0.03485168	0.06019936	0.03765592	0.05396963	0.6148054	0.05547246	0.06577
See updates about Black Lives Matter 	5	0.01545848	0.01351761	0.01306837	0.022573	0.01411987	0.853418	0.02236724	0.02080706	0.0246704
to stay motivated	8	0.02649916	0.0231721	0.02240199	0.03869498	0.02420449	0.03469063	0.03833452	0.03569437	0.7563078
Share my cats	8	0.0264977	0.02317084	0.02240078	0.03871504	0.02420316	0.03468872	0.03836653	0.03565465	0.75630254
	8	0.09267835	0.08104224	0.07834887	0.13533206	0.08465296	0.12132724	0.13405734	0.12470571	0.14785522
To be introduced to new things 	4	0.01545872	0.01351779	0.01306855	0.0225733	0.84731805	0.0202373	0.02236165	0.02080254	0.02466215
view pictures	0	0.7405612	0.02317052	0.02240054	0.03870786	0.02420285	0.03468979	0.0383279	0.0356542	0.04228519
spread awareness	7	0.041212	0.03603768	0.03484	0.06017915	0.03764328	0.05395152	0.05961231	0.6107761	0.06574792
Inspiration	0	0.59652585	0.03603748	0.03483981	0.06017882	0.03764308	0.05395123	0.05961199	0.05546415	0.06574756
messaging with friends	8	0.01952575	0.311064	0.01650678	0.02851216	0.01783494	0.02556158	0.02825836	0.02627336	0.52646303
post comments 	0	0.7405175	0.02317039	0.02240034	0.0387041	0.02420271	0.03468807	0.03832926	0.03565399	0.04233366
fun	0	0.59653515	0.0360376	0.03483992	0.06017903	0.0376432	0.05395141	0.05961219	0.05545374	0.06574778
Respond to  Direct Messages from friends	1	0.01091457	0.49989456	0.18681324	0.01593782		0.0142885	0.01579362	0.01468637	0.23170193
To escape from reality	5	0.02649962	0.0231725	0.02240238	0.03869564	0.02420491	0.74876016	0.03833116	0.03565724	0.0422764
fashion 	1	0.04121223	0.59134704	0.0348399	0.06017898	0.03764318	0.05395137	0.05962588	0.0554537	0.06574774
To look at followers posts	3	0.01952588	0.01707424	0.01650679	0.81779593	0.01783502	0.02556161	0.02824362	0.0262734	0.0311835
Talk to friends 	6	0.01952566	0.01707415	0.0165067	0.02851204	0.01783486	0.02556147	0.8175524	0.02627325	0.03115946
Keep up with news	6	0.02649725	0.02317043	0.02240038	0.03869219	0.02420275	0.03468813	0.39537552	0.39270073	0.04227262
communicate with friends	6	0.01952594	0.0170744	0.01650694	0.02851244	0.01783522	0.02556184	0.81754977	0.02627363	0.03115983
to see what everyone‚Äôs up to	5	0.28257832	0.01707543	0.01650794	0.02851418	0.28095257	0.28865752	0.0282456	0.02627524	0.03119319
To like pictures	3	0.019526	0.01707415	0.0165067	0.8178296	0.01783486	0.02556148	0.02824348	0.02627326	0.03115045
Educate myself	8	0.04121274	0.03603832	0.03484062	0.06018023	0.03764396	0.05395249	0.05961338	0.05545808	0.6210602
Check my feed	3	0.02649737	0.3802218	0.02240048	0.39573425	0.02420286	0.03468828	0.03832791	0.03565421	0.04227282
Talking with friends	6	0.01952566	0.01707415	0.0165067	0.02851204	0.01783486	0.02556147	0.8175525	0.02627325	0.03115941
Sending memes	8	0.01952584	0.01707431	0.01650685	0.02851229	0.01783502	0.0255617	0.02824373	0.28937152	0.55736876
To be updated on the black lives matter movement 	5	0.01545866	0.01351777	0.01306852	0.02257326	0.22241296	0.6451239	0.0223699	0.02080726	0.02466768
entertain myself  	4	0.0412119	0.0360376	0.03483992	0.06017902	0.5929665	0.0539514	0.05961218	0.05545372	0.06574777
get updates on current events	7	0.01091263			0.01593495		0.01428626	0.2987903	0.61392707	0.01741333
to relax	5	0.04121241	0.03603804	0.03484035	0.06017976	0.03764367	0.60926986	0.05961292	0.05545441	0.06574858
Look at the artist I followed	3	0.0195257	0.01707418	0.01650674	0.8178159	0.0178349	0.02556153	0.02824354	0.02628374	0.0311537
To connect to others	2	0.04121177	0.03603748	0.5901645	0.06017882	0.03764308	0.05395123	0.05961199	0.05545355	0.06574756
Learn more about the Black Lives Matter movement	8	0.01545888	0.01351796	0.0130687	0.02257358	0.43073884	0.02024336	0.02239228	0.02080109	0.44120532
I share life with my friends 	6	0.01545844	0.01351758	0.01306834	0.02257516	0.01411984	0.02023764	0.85555035	0.0208005	0.0246722
connect with friends	2	0.01952562	0.01707412	0.80578285	0.02851198	0.01783482	0.02556142	0.02826166	0.0262732	0.03117428
Entertainment	4	0.04121177	0.03603748	0.0348398	0.06017882	0.59296775	0.05395122	0.05961198	0.05545354	0.06574756
To connect with loved ones	2	0.01952585	0.01707431	0.80582273	0.02851232	0.01783503	0.02556172	0.02824375	0.02627351	0.03115074
Look for resources for Black Lives Matter	3	0.28258982	0.01707495	0.01650748	0.29162478	0.0178357	0.02556723	0.29134598	0.0262745	0.0311795
like posts	3	0.01952576	0.01707414	0.01650669	0.81780154	0.01783485	0.02556146	0.02824346	0.02627324	0.03117886
Black Lives Matter 	4	0.04121197	0.03603765	0.03484	0.06017911	0.59296584	0.05395148	0.05961227	0.05545381	0.06574788
like posts	3	0.01952576	0.01707414	0.01650669	0.8178014	0.01783485	0.02556146	0.02824346	0.02627324	0.03117904
Entertainment 	4	0.04121177	0.03603748	0.0348398	0.06017882	0.59296775	0.05395122	0.05961198	0.05545354	0.06574756
make new friends	6	0.01545874	0.01351775	0.01306854	0.02257322	0.01412006	0.02023723	0.8555504	0.0208068	0.0246672
Post update picture	0	0.54568875	0.01707414	0.0165067	0.02852478	0.01783485	0.02556488	0.02824346	0.2893741	0.03118838
Check stories 	5	0.01952582	0.28018412	0.01650686	0.02851226	0.017835	0.5517439	0.0282437	0.02627346	0.03117482
find out information about the Black Lives Matter movement 	4	0.01279371	0.01118742	0.398286	0.01869276	0.48616028	0.01674853	0.01850584	0.0172149	0.02041056
Post on my story 	8	0.0195257	0.01707413	0.01650671	0.0285154	0.01783484	0.0255636	0.02824345	0.02627323	0.82046294
distraction 	8	0.0412125	0.03603812	0.03484042	0.06017989	0.03764374	0.05395218	0.05961304	0.05545452	0.6210656
